61 500
sp1  1443241121 3141243241 4231214321 4214321413 2231112211 3112414433
ex2  4341341233 4243132143 2432312111 4334212331 2341234111 2131123331
ex3  4411142123 3332331131 4233324142 2141413232 3224211214 3232334443
sp4  1111134314 3134422421 3321242134 1423313113 2442314343 3344343212
sp5  1341224342 1323324443 1411111143 1314333133 1233321332 2121123243
ex6  4432131213 1432242313 3433241423 4111333413 4432322243 1333412133
sp7  4143124411 2214313414 4224313342 1143121232 4141212443 2333234413
sp8  1344343221 3321314231 4432414343 1331314114 3212411224 3441111143
ex9  3223221132 4314113431 1322122343 2111141311 4442114443 4212124433
sp10 2232231113 3343412224 4113121141 1444424124 2442112123 3424423212
sp11 1211222111 2314411313 3312424423 2144222123 1443322431 2334414133
sp12 4123441424 4311114441 1223431124 3111131111 4313321432 1343134124
sp13 1111111324 2434424442 3341114442 4341114442 1123321213 4223311322
sp14 1113423111 3432312242 1121113233 2431243142 4344431323 1341341231
sp15 2243121242 4343412114 1144412331 1222132111 4212113112 1121122313
sp16 1241314144 2141421244 2344142414 4232143313 4432342331 3421233132
sp17 1124332324 3422111233 4333231131 2123432224 1434132123 2222132114
sp18 4411331211 2243121412 2214113143 2112411221 2341324432 3222242414
sp19 4124441114 3244434213 3333313411 1224442414 4324332212 2341443334
sp20 1444232323 2433341114 2333223211 2413234132 3114433341 2321333423
sp21 4114333214 2321124131 1334132141 1344121314 3143213221 3333332134
sp22 3311142141 2321144414 1221411234 2214334431 1443111343 4331223313
sp23 1211422431 3141121113 2414234433 3423344331 2444143434 1433223241
sp24 3133423332 4214242342 4112112332 3214241444 3411124124 3434112142
sp25 2142412333 1123322111 4432411421 2341413432 4113434313 4112213421
sp26 2414111132 4244121111 4433223233 2121314412 4224113211 1321233213
sp27 1231112313 1141223414 4143424231 4412423433 3422133231 1144332412
sp28 2114121342 1312121421 4122234134 2233342441 1131144314 3423313334
sp29 1311243242 4343334311 1211323144 4431313422 2431343322 4311443114
sp30 4134321241 4141324231 1123321221 2442231342 3412313431 2113343124
sp31 1141114422 1132322131 3333433213 4321412441 4221332314 3221123232
sp32 1321443121 4334444313 4143141213 3123241342 3344143132 3411321244
sp33 2444314122 4322423121 1231332122 3343141133 1313411113 2312321241
sp34 3343421442 2144221112 2324442211 4411223444 3141434122 3323223244
sp35 3441312122 1114421332 2244421223 4244332232 2414413222 4441131113
sp36 4243243443 2324424144 1332143423 1313414444 3423412232 1144223311
sp37 3321222341 2344431223 1212222331 4333321133 4422243343 4122223141
sp38 3411122321 3324414443 1411212124 1134224341 2234342114 1144121114
sp39 4131233441 1334333124 2421241111 2423221243 4414314333 2224432123
sp40 3221213432 4321112132 1434442413 4443421232 4223311113 1113244443
sp41 1221212213 2244132334 3443341442 1413122114 1311133224 3424212214
sp42 2213144232 3432312342 1311441414 3344124212 2421122212 4331433321
sp43 4324124412 2412412231 1142122234 2334144243 3423111214 3232224212
sp44 2324344413 4424121133 1333341141 2243222231 1323214413 1433221342
sp45 2332222433 4424122241 3132141344 2321243231 4143423344 4112412123
sp46 4134223242 4341121231 3314312314 3342414214 3411332433 1244333444
sp47 2433123113 4124331211 4243314234 2224421331 2114241422 1142123443
sp48 1442114134 4232221434 4213121344 1134242122 4142244222 2341114142
sp49 1211242211 4414243131 2243113132 3214314332 3223211224 4211222142
sp50 3134144414 2222234244 3421223413 3143441223 1341113213 3142421233
sp51 2244311424 2344224314 1242443342 4311212331 4433443322 1434124243
sp52 3431341131 2234421314 3314424141 2412342131 2142312242 2234144214
sp53 1234211411 2233224111 3414422443 4411322121 4112342432 4214112344
sp54 1414413314 1123441122 1142221424 2241443321 2332314133 2331113311
sp55 3414222434 3443431132 1233423133 1134143232 3422313113 3212213414
sp56 4224322144 2323144323 1344212232 3444143131 3333131432 3122143431
sp57 2312222241 4212224323 1444211343 1423142134 2334232433 1323133234
sp58 4122424122 2442421412 1342343442 3412113221 4113334111 1423441314
sp59 4442442111 2222214112 1242323441 2224214221 4111214111 4223344212
sp60 3244143324 1311431431 3444312434 2223231231 3334132444 1232121212
sp61 3244143334 1344131431 3424312234 2222431244 4324231124 1212111442

          2124214234 1244414124 4433134124 3332231111 3244414434 1341142434
          2131321424 4431344334 1213242334 2443134344 1222324424 1443233212
          3423213132 1141312313 2222233311 2311122133 2224432421 1342234123
          2434212342 1123212433 2234124332 4444332244 1323233343 4211421312
          3322421432 3312334424 1234134123 3342431311 1441141324 1221121441
          2421313243 3433131414 4221243143 4143422213 1223433223 3123222432
          3431423144 3131134143 3244134321 3444411343 4234424334 2421121123
          4141323331 2111334142 2222244111 1244144214 4313211433 4131434332
          3324332123 2333322411 1442313131 2143241141 2422442442 3334241344
          3212111331 4134114112 4313413232 3344231134 4432433234 1442144343
          2321424414 1243244434 3143331314 1244444232 1221442444 3212411332
          1212442324 4334431332 3144122343 3312132142 2112221442 2223413422
          2132334412 3233322432 1241232241 2134413123 2142121414 1414314242
          4214244441 1323444413 4431324114 4111441222 3113242213 1243213211
          3421241423 1211424311 2444131113 4311442344 2414233414 3323122432
          3213312124 2342224131 3331432243 2332244431 3144231311 2333142111
          1222414121 3114142342 3241413233 1311341213 2431123314 4222433441
          4222132432 4234314122 4331212112 1311224413 1244123312 3142142211
          1332132442 3321221432 4444344311 4122314241 4213323113 2411222231
          1341232243 2333434134 1444143142 4423112242 4321114232 2233141213
          3213334133 2344233422 1223312133 1332424413 3344334334 2343322224
          3344144214 1434441311 2344343332 3432222123 3141414111 2422233124
          4122414121 1342211233 4331424444 2343423431 3312221323 3214112311
          4221234244 2434323224 2334133232 1331231414 4443222121 3132224232
          2223111221 1414443332 3242322414 2141414314 1411421141 1433311122
          4222444412 4214213433 3134442111 4124341111 1121343422 2342324431
          2132114334 2334312242 4443222321 3213322111 3423144143 1142432133
          1122431111 2411132322 3323423213 2412444223 3211324221 1211432311
          4212214212 3121241231 1234313433 3114113441 2443241124 4344132342
          4321431232 2112112433 1313224242 3231434443 4413114144 3134134243
          2414142443 2243412342 3411232132 3341223141 1344144344 1113433211
          2214231132 2443242314 1323212334 1143241334 4324223313 1322142433
          3224331142 2134444132 3342332244 4432233422 4333341142 3442113441
          2142333311 2234133413 1334213343 4144331342 1333222244 4324222112
          1442444143 4334233322 1111341141 4124243132 2432422114 4434134341
          2241144232 2113324422 1332444412 3321322322 4111222443 3131143311
          4241224341 1414311241 1231134224 2223341343 2213314412 1222111423
          4444224222 4313331242 2333112134 2113122324 3332423132 3142112141
          4214132444 1221133441 1411431142 1243241232 3131441423 4213221231
          3313244111 4134233434 2434243414 3442242134 2244144234 1144312242
          2221443224 1242443413 4331131324 1121122221 2143141421 1243213313
          4311133443 4124312212 2122342314 3141423414 1333322121 4111214214
          4412323134 1224322141 3411141441 4421242431 3221223244 1131422433
          3433414231 4421443344 1134133233 2142313134 3442214142 3414434114
          1342443424 1422341442 3143413423 2214443221 4122331112 2432131214
          3222133244 3331233344 1134143342 3323132422 1434211432 4342411344
          4311323341 1424314322 2322324111 4131423134 1423313123 3144433214
          2433443123 4241443314 1114432323 1331324312 4422413342 3231334424
          2323112224 1344132433 4442214133 2233314334 1442133424 3443113443
          4234444334 4144342431 3422241112 4243344431 3221331322 2334144342
          3123221414 2111412431 3423124131 2433442323 2133341131 2442324121
          3222313234 1213444434 3334223431 4412112131 2223323443 1412144312
          3111434411 1143221422 2312222231 1223213114 3443442234 4232142343
          2224314142 4332412144 4212311214 4343422241 2444134143 1333423211
          1442411414 1323124124 1422131434 4211232421 2223311143 1131443411
          3123123443 3131313331 1224144124 4324244233 1132413132 4143143311
          3122323223 4321343214 2323112441 4431222423 1331211231 1342323441
          3312222423 2214211324 4321232224 2141243141 4343244223 2112442221
          3412211431 3242311224 1444314444 2141242112 4342221222 3412232233
          4113211241 2213114423 2223341131 3111422112 3143313342 1241244113
          1123211241 2413341242 2222343411 4111422214 4442212411 4313222214

          1111412131 4441332332 2314313434 3243311143 2312234324 4331433343
          3344412414 1434443423 1334222324 3111121312 2332131414 1141344442
          2221114232 3311144333 2234143242 1333132114 2411223132 1114414431
          4421144412 1112211141 3312442222 4114332343 1341143134 1223413122
          1424113211 4114334143 2333411113 4232242224 1321211221 3442213314
          4434144211 2244134323 3411311433 4232434212 4332413342 3241421411
          3334131334 4242112211 3341444214 4224434434 2241124214 1322222322
          4343441131 2131122432 4321112314 3221314231 4114312443 2432333334
          2121414433 4313413444 3414323412 3121422431 2233422244 3241234144
          1324222332 3411433233 1432221212 4344424332 4141423412 2333333143
          3211134334 3323132431 3234344242 3312342144 1233142443 2111314334
          2411231412 2131223142 2141343442 4323333233 2324313323 4114423131
          4224143222 1112222324 1312434223 3231414213 1143121413 4324331234
          1111332121 2323322222 3122311233 4242123121 4331224314 2222344333
          3322412124 2321143422 3133141423 2322421131 1314444414 3212411241
          1311211222 2223311133 1431221411 1433422232 3142121321 4432443213
          4141441221 2234333314 1441421414 3222133122 1211242121 1423442321
          3122313122 1341242433 4434321313 2432311232 1321414321 3113341441
          2331223334 3123321114 1141141323 1322112333 3221214112 2213122322
          2132324223 1112122134 3133124332 3432111334 1412441133 1132232142
          4243242411 1433143242 1134224141 1323411442 1343314241 1111443331
          4411412432 1232411341 1134344421 2134321443 1221424333 2411134414
          2311113232 2313314332 4321412224 1123311311 2314342423 1231214242
          2434113422 2212133223 2144221414 3243413241 1133214223 4141334434
          2414433131 2422122114 3232441314 4224413222 1112414334 3423422434
          1412142331 1414214324 2343334224 1443331213 3431244114 1133311443
          3414332131 3232433132 4114331131 2412433441 2132432314 3431242343
          3441423323 4114421111 1433333221 3141141132 4233243234 4221241123
          4422423113 1244422131 4411444232 2244242444 1241333411 2114123142
          1142213234 3311341313 1242142213 1431323344 3244442214 4222432122
          2312444142 1242134142 4324331314 2311224423 1124232432 3121213342
          1434411332 3144234442 2333123224 4233123213 3113413432 2124143343
          2342223121 2141332432 4413324424 2122312233 2411322231 3133121443
          1231122343 4443313131 3333334221 3434112441 4233432244 3221443324
          1131132131 1444444321 2122224233 3434343222 4233231144 4342414213
          3344122132 2312224241 3211341123 3221412343 4441221132 1433321342
          3434413123 1214212323 3431114413 3443424341 2114422144 2231224344
          3223142224 3434122412 2142244434 4313342123 4243243411 1221324414
          4334131332 1343324124 3144321122 1242242124 4332333223 1332432442
          1413143132 1411342323 4434134122 1131343211 2214244313 2312121221
          2113211224 2343213343 2221113311 3242344222 4423424232 2233244414
          2412223113 3321224213 3213242344 1433342124 1423114324 2221434423
          3442434344 2123212343 3232431432 4413113314 1114324131 3323231233
          1221323221 3131324224 4423332244 4224322322 3233244224 4421332441
          1421131333 3424434432 2313221423 2343241421 4314334414 1123232442
          3231242234 2243244324 4213243432 3241144221 4432143311 2141221421
          2423341243 1212342312 1322133132 1212111123 4214432143 1333124123
          3113124424 3233423413 4331121132 1313313422 4122443111 4241131342
          2414413221 2122433214 3434334231 3233331242 4223311433 3212224142
          3423224431 2131221121 1112132322 3111443431 1223411141 1323113111
          3123423231 4213422222 2443133234 1334141111 2411444413 4224113431
          4221231223 2312431324 4243324133 2442311343 3141141333 4123233233
          1232234143 2342132314 4222113221 2411343143 1324312233 1343422321
          1432243442 1422141131 1312113433 3142233431 1233432421 4214442434
          3421332232 1224231122 4344133332 1341322414 4343412121 1212334444
          3122433244 4322344232 3323314142 1441121234 1114211143 3344113241
          4322342243 1243341114 3324344313 2411221113 1111311132 1344113321
          3443132221 2222222133 3432323122 2113134423 2223322121 4314114133
          3443113213 3244221131 2121343132 2112443133 1233322131 3224244234
          1144124333 4243314413 2313341142 2121412411 1122224341 1341114334
          4132124233 1243344441 3311341133 2141434333 3142421131 1241114411

          2324223212 1444243422 4422344443 2134243231 3234433113 4331423232
          4424122321 1422242322 2431341222 1321223314 4443414411 2314241324
          3142214121 1413422442 2434314421 3223121343 4413123423 1412111224
          4211322333 2313232221 3312344223 4342411312 3411421213 2311121421
          1223133312 3222142232 4443232442 4111112212 3144213121 1431343233
          4241443112 1333143124 2334433243 3423344114 4344243244 2244232134
          1332432231 4232211121 4211324121 3141212333 4231143111 2442143423
          2142322421 2423431142 3214323143 1444212224 3311432122 1422443333
          1324122314 4231431341 2231142411 4432222113 3311211144 3414241313
          2243232421 3222343231 2211114344 1112223412 4121422442 1122234224
          1211434433 3412121324 2333434213 2242331322 1444424423 3243324234
          1111144314 4232421411 3344443334 3124134321 1144124123 1333414144
          2312424111 1132441334 2342334413 1114242431 1223442344 1411413132
          4313323133 2142141311 4442333343 4134441424 1144343233 4313231423
          4142241132 1233334434 3114413423 2322412443 4123234341 1313422132
          4312344113 4223433241 3431141331 3413132412 3412424422 1213341234
          1423334134 3142323223 1112211443 4134443111 3132414231 1334342244
          4112414443 3244134443 3111131144 2234244412 4342324324 2441242122
          3312243114 2411411312 4312433144 4312142422 4242314433 1214212144
          4443223224 3131141242 2221244134 2121311344 2443341433 4122344414
          1144433414 2434123344 4241113324 1223311221 4214132141 4324321411
          2432431132 3133213332 2311342233 2141134222 3432144224 4423214123
          3224311421 3422114333 1131214312 4424211141 4421114123 3141442223
          3223412142 1322142212 1331331344 1322422233 4232412412 3112244223
          2244422244 1211424243 4143134334 4433121414 3112443314 1414333323
          3224441314 4343114234 1134441223 3144142112 3231423322 3141314332
          4111113324 1324434211 4231441332 1123133131 4331224241 3333221133
          1143432224 1431323332 2443221323 4343433224 4442133221 3223323343
          2141243344 2322144132 4424234332 4413431131 1443323214 3324312433
          2232213111 1442234321 4321242334 4113123213 1313322234 3341442123
          1421423124 2323444313 3434332112 1224234114 3113242244 3413424312
          2413321142 1442123314 4333434111 1332211112 4413123441 3122134333
          2244322432 3231344213 2414424132 3131224333 2312244131 4444414213
          3243324311 2341112133 3332423111 2421313422 1413143442 4313221443
          4332143323 1213132442 4423431333 4311223333 2242441334 1312314323
          4242412242 4311243214 1214344221 1412322133 1114132414 3424243211
          3113344241 1111344413 3323231214 4423314343 3241243142 3214331132
          4132114324 4441112232 4211231324 1333411342 1333432144 2114332223
          1343423234 4123122342 1212241231 1123414213 4311321142 2244431414
          3243132124 3332123321 3422244442 2244214234 1114423432 4413124434
          2444131234 4123343414 3114412231 2124243233 2143111431 1132231243
          4441442424 4214131132 2312131111 4211212223 2334444333 4334421431
          2311421333 2443243111 3213241122 2444413414 4241112243 1423131124
          3321432421 2323112131 2143211231 1324342321 2432423144 1223124413
          1341141132 1243441231 1423112313 3323422122 4433342322 2221221442
          1421132142 1331423221 3414421241 1412444122 3133342311 1431111324
          1221411423 2111234424 2442244223 1321241214 1241343432 2321321214
          2233234331 3421332234 2311134141 1114323221 3344333433 2144133431
          4222443143 3231231144 3322423423 3114334342 3322313333 2444323114
          1413111114 3323124121 1232122344 3442423232 4443244342 3131443421
          1223332132 3423132444 4112334443 1134241131 4321141223 3213211312
          2414442224 4341443321 4144222141 4121424343 1342413112 2324444211
          2111433323 4434243213 4123322142 2312431442 1342133112 2124332244
          1231241323 2132121431 1221212314 3433443123 3124244222 1323434132
          2223141311 4133342431 1442224131 2413433224 2124422324 3324411133
          1223332441 3424133421 1121433312 4342311444 2213231322 3144143122
          1234332441 2444322441 4131412412 1243414431 4424334223 3344113432
          4114214321 2321112212 3442124213 2243321442 3422332424 2443134312
          3313242331 1412434242 2441111223 3322221432 4431431244 4233144213
          2342222231 3122433114 1323433442 3332141434 1142413134 4223321122
          3244112112 3123233434 1321143442 2322111412 1141113134 3323421412

          4114434441 3114344342 3113414432 2223112311 1223424243 1144414134
          4134141234 4314322343 1313332242 1231224112 1233414213 2224113231
          1423311223 2344434144 4444333223 3443121122 1111244422 4442433432
          2331334332 3441312112 4341341231 4213321223 4343442231 4214132133
          3121141342 4112313231 3343343243 3244323133 1231343424 2331414311
          3142432344 1134114241 1314343232 2213124122 3232411441 4224111421
          2114442244 1421123124 2111242233 1422223114 4112122332 1314432321
          3421123322 2433341442 1121432242 2424223444 4232411422 1234311421
          1112333142 2223323334 1324422214 2331232243 4342142112 3412314213
          1121134111 3211331411 3122434433 2141431111 2244224314 2114143134
          1111312142 1431313413 4343432231 4441142413 1232133211 1142441431
          2421122323 1413232132 1344222241 1144422412 3133214243 4313114241
          3221434332 3444111132 2411111222 4414241131 1313343221 4334133143
          3143221144 4213214144 3342222133 1212311221 4422331233 4332211112
          2134324221 2212113223 4214133314 3412321412 4312142222 2344123212
          3213222223 1114431144 1243422121 1131431321 1431341221 2314411243
          1122111333 3424143411 3344442422 2122133413 2313141221 3143233414
          4244431124 2221331323 3331313344 1433323422 2414144131 3121131441
          1331434131 2343412342 4134131424 1223222233 1223212132 2143344144
          3423122132 4422442344 2111122422 4322314424 2321413114 2344443134
          3414214134 2143133411 4134123224 1442334231 4221441121 4123343231
          2144211111 1444422143 3121343441 3243224221 1323344421 3114231134
          3241411342 2423423321 3312422221 2312443423 1341411344 3341213134
          1224224433 4214332411 1414131341 1243142113 4234321244 3414422314
          1423321124 1114412142 4413321342 4344132421 1324243341 4241442134
          4233433223 3443341412 1223432343 1222142132 2344132313 4311434433
          4124444231 3113324232 2434341343 1441141443 3341441142 2443211341
          2321321124 3144423321 3341121233 3443443244 2233134242 4444221132
          2432134443 4212342442 4243144444 2312214131 2133113431 4342331444
          2113411214 4342123244 2143214234 1124134223 4443243414 3123412221
          4122214143 3123223414 2134233422 1113444224 3341123431 2421443112
          4214111331 4411322323 4114242312 2312222424 4411242222 3243111444
          4212131122 1223333231 1132122121 1444311113 1324114433 1434211113
          4312214214 2444344334 2211313214 4313123234 1122211424 4413233142
          4243144112 3321414131 2143141233 4413142234 3413222444 2142444144
          3121313323 2412112113 4214442233 4342323344 4413313421 1412231233
          4311231121 4313223342 2414412433 4222341111 2312344134 1422312234
          4224134313 4233122311 2424113412 4341243222 4441314221 3444344241
          1214242211 4314114313 3144212421 2442224424 2211433332 1141144311
          3412341133 1332232343 2113241121 3334313141 1421313433 1144111443
          2424121124 4412431431 4343331222 2231433432 4232413243 2241121242
          4142211443 4114242241 1314442424 3211443243 4424224334 2243141342
          1113111134 1212441232 1124442124 1212112332 3241141221 2141214131
          1424112443 1114244211 1113324414 2412431212 4241134233 4232334321
          2424342412 4343313422 3131243434 1141332214 2221121211 4411132343
          1112114122 1424433343 2441411322 1223211211 2443331223 2211321423
          4342134232 1344221412 1431213342 3213231242 3113133211 2343121444
          4312223432 3211311414 1241321323 1143234342 1111332231 3434423114
          3443311131 2423334122 1144124112 2441113141 3342414342 1123234341
          3241441143 1314412132 4431332343 2324412214 2233312341 3344321111
          1441214313 2234122412 3321332231 1243113124 1211241143 3433423422
          2212122234 3324134114 2421123344 1113132433 3143334214 4234411123
          2243132232 3423413233 3141141331 1412134444 2143232134 4431433132
          4333111234 4331141113 4322314411 1223133413 2434223133 4413432344
          4231131324 2331241143 3332314241 1422323432 4421234343 4443333443
          3444144412 2424342421 1212131241 2321212424 4411211414 1311431324
          3414134411 2421244144 4331331211 1213342232 4321143434 4214124324
          1321421241 2421323411 4114243412 3341112441 1321311414 2232243331
          4311332232 1333324431 4431234413 2441443243 1311214331 3212342344
          3343441222 1112312224 1441414312 4341222422 3232133241 2221413441
          2444431234 2412412234 1421314333 4343222413 2342433244 1231414421

          4433232122 2244113134 1112433241 4132442241 2424231333 4333244421
          4123114423 3344333413 1322111232 3333122121 1341244241 1413211233
          3221241124 3433413311 4242313443 4213113231 2332242221 2342312321
          4223123122 1121442434 1441233221 1134141144 1122214421 2342123321
          4334114434 2113211432 4241432132 2311424231 3343112423 3324342212
          2122121433 2214341441 1334344333 2341342422 3414134444 2133332413
          1111321141 2244214341 2434234312 1223313313 3422443312 4442211142
          2144131421 2344231124 4231244434 4224224112 4434314444 2341124222
          3444132123 4234113342 3234333411 1221312314 1144134444 4322233131
          4411112323 1411321432 4211113113 3233214444 1424232414 4111444131
          2321241442 4322422243 3324242441 2131113121 4344411234 1314342223
          3142424421 2311442414 1233311313 3212222333 1134213232 3314122313
          3132441314 4233243412 3433222342 4311411242 1243424224 3233444123
          4112331124 2342422211 1132413343 2433132414 4211141432 1124433321
          4314141411 2223414411 3223232432 1143341414 3134413312 1142121413
          4124143331 1312421321 4414313144 2212214312 2334431423 3331413422
          3244111443 2222114231 1424324441 1333334221 4312121233 2114423112
          4233223441 4223144233 3341242412 4144243212 4341323123 1414421411
          2424144334 3332142423 3422321322 2132322221 1111112122 4113142441
          4332434422 4431314314 3123342143 4141224241 4212331414 2114414332
          2343311414 3343344124 1224431113 3243421443 2111143113 1223113232
          3223341133 2111212344 3313312434 1224321244 2134412344 1344113343
          3122343223 4123423123 4324233323 2333241422 3423441443 3342423321
          4131231423 2341211422 3123324434 2132123244 3344111412 4124334413
          2112342313 4122241322 2312314233 2324112442 1412344124 4344141313
          4442141324 4232411212 3311111324 4411123112 1234234233 2111411131
          2241213324 1333314341 3333131144 2314333234 2443321411 2121231411
          2431414212 4413311114 4124421444 4233121412 4212413324 2133124111
          1431111243 3314232311 2211111424 4442234444 1321231423 3324221134
          4134234443 3234114244 4221144434 1423313122 3113333341 4432141113
          4131213124 2114232241 1413332241 2212143241 4134122241 4432223421
          2323324242 4222141133 4313134243 3231434324 1442244331 1141424314
          1122324311 1224414424 1334331222 1312134422 4124144441 4413214433
          3422443323 4144144122 4241232133 2434133133 4211323342 4442314124
          1342244423 3344222213 3111443321 2213241141 3311323444 4221221411
          4112421314 2113441112 4221333432 2444243241 3422241211 1341142323
          3443332244 1112421122 1224122212 2144442313 3133232114 3111443233
          1433444244 3322122131 3412424142 1221241411 2434331222 2444144214
          4414443121 4322241411 2424343214 2434242433 4122312244 1432213134
          1233432422 3411431344 2232132434 2432121233 2332314223 4313211344
          2331444213 2123442244 1234323344 1414331334 2331424432 4214441112
          2422444112 4423444133 2413322241 4134144314 1221334241 3311334421
          2231213211 1313212443 3142233212 4134331332 1231243321 2421342342
          4333124132 4314312133 3342111422 3344133241 2421423432 3214312212
          4131323414 2221432324 3424432423 3124411344 3442224142 4113332141
          1341122443 3323121433 3221134422 3113431141 3212144234 4224313123
          4312122312 4431131242 3434242344 1224414213 1413424343 1431222323
          1434414333 4432422214 1143132121 3414134321 2344414332 3442342244
          1414244222 1223123431 4141231223 3333214144 1444143431 2114312114
          2114211312 2323313213 4342442343 1431124221 1321321311 2324134333
          3411344122 4131421424 1321244333 1121421113 4242313433 3224441443
          4444432421 1324341414 4341222314 2244124424 3443433443 2231131223
          2143423424 2144334414 3343221134 1244334424 3323423121 2111313411
          2112431342 3243411241 1414212441 1243414412 3433332232 2221432333
          4212444334 3234413141 1231214244 1243414411 4434141334 4221232131
          3321421411 4133431143 1421114421 3223111343 2114421421 3334144132
          4244413111 4314334141 4421412231 3224313333 2134422341 1224243131
          2244443114 2312232232 3214134141 3431112114 3231242244 3144121134
          3244444114 4213222243 3224134344 2231114341 3242242221 1141143341
          1231344122 2323444131 2244144311 2343314423 1224212132 1211143212
          4221213123 2343342311 2234141431 2343314123 2224142132 1444443213

          3211143234 2122231343 1244234441 4311124114 4421134432 1411342221
          4131132324 3211243132 4311122211 4113231343 4143112132 1342312121
          1433234213 3124132331 4143322142 4443243331 4214423231 2222244332
          2111231142 2113334414 4224321232 2433112341 2321132322 1442212132
          4344244244 4221114213 4124324331 2412134234 4312424323 1421123341
          1242244443 1231433143 2411332323 4343241232 1331324141 1431314124
          2413124211 2414132224 1213121214 4122421442 3442222134 1441244243
          1432421313 3112434431 4334122121 4312134122 1341224434 2224322132
          3341331112 4321322431 3344213142 4323333423 2223434212 1341111121
          4344323231 3123441222 1132113232 1343132144 3232244212 4134233313
          3342314444 2213312111 1442422321 3433431412 3241432121 1441244313
          3242133214 4222112423 2114344343 1123241211 1124424124 2442321432
          1334222122 3113214222 2212233212 3241324133 1213141211 4233441422
          1432333233 2141144141 2413144313 1131424441 4242123144 4321132423
          2233433444 3224413141 2312411111 4141224112 1444114422 1432214322
          4333141324 1232434223 1331312444 4441324424 2332411241 1423133112
          4323443132 3444311131 1221144333 3224442222 4422331144 1121132143
          3432321332 1111434114 3231244142 4132214233 4242431142 4311411443
          2441214323 3411143131 2423344414 4431213424 4123441421 2331233113
          1442423444 1344114312 1433213232 4231321132 1111422334 4322432443
          2441133133 4114421441 1231131423 1213114423 4414334441 2122411441
          1323441113 4212342331 2214112213 1334342243 1131313432 4343334141
          1124244344 3114123114 1131243241 3422431321 4221431344 2214411141
          3411334244 4313431412 4331332314 4234113324 1111131223 2333421424
          4143132331 2123212341 4412233341 1143333241 4134232433 1334124422
          2113134141 1343242124 1434143221 2343333141 2332243324 1113232131
          3213221412 4424433413 3441123121 2322133444 4414114123 4343434443
          1233321243 2341323113 4434122322 4444234132 1211344234 2124123122
          4421232212 1243233423 3133313422 3434422424 2323423434 3343313334
          1213122213 4123411412 3412232424 3331222432 4421332222 4342232421
          4114322214 4121322144 2221434312 4141311211 3324441333 4122312211
          2414222411 2213413413 2221432424 3314142444 3322212221 3343242314
          3141334414 2224214122 1242324312 3431433114 4441322341 4234233214
          4441424214 4331234343 2231244224 3233244311 2324322141 3111343233
          2441442122 3322312342 3134322421 3441324241 4343434343 2211233444
          2444231113 1423443121 3142243224 3433312244 3314444411 2134234334
          2142444411 2433313322 4132131133 3442212444 1111134231 1144421321
          2133412421 2321411232 4214244442 1314444433 4331413214 3444442331
          1344313433 1431442143 1211324432 1321412243 3221421331 1131422441
          1411123342 4213242223 4124241314 2231214221 1214411422 1232111432
          2211333144 2344124224 3424213134 3311341234 2231124144 1232332211
          4334242234 4223312111 2123122331 2124341143 1134243443 1431424343
          2442442211 2433234333 1241441423 3224411311 1142121314 4131433134
          3231422422 2224423422 2141134143 2142413433 1222242242 1243332324
          2334124122 1334344423 4324134232 4124211322 1444332241 1424433111
          4314212323 1331222241 3314232143 3132131432 4111123222 3321311123
          2411143412 1231342414 1211123424 1313444413 3214343112 3322131232
          3142432433 2124221213 1124242214 2321234411 4144121343 2314142342
          4222233414 2111314324 2143232313 1321323441 2311232221 1324234334
          4222134421 1233313214 4324214233 4221421414 1323242334 2222413323
          2333444442 3433214314 4444443124 4424114214 2113131422 4442212143
          3443134423 4111232234 2323332413 4232134343 2212221412 4233122343
          3413112124 4111312132 2411214223 4414133131 4123222322 4131323241
          4311331342 2322424142 2124121311 4223213414 1242122231 2233414213
          4313341442 3113131432 1243124332 2343413311 4343341232 2233132232
          2124212421 1141341444 2232311221 2114124434 4342221112 3343334111
          2114114424 1233223444 2242141421 4131134322 4113432142 1333332113
          1132122423 4144214441 2434242223 3131122441 4434441321 2114314421
          1122122123 3113234422 2233344411 3124432231 2134121331 2411312424
          3411331224 3111321211 4341144413 3421113122 2412331344 1233331213
          1211323314 3332121231 4212114413 3124334122 2412131214 1333341132

          1431443133 2412441424 2211112323 3211311314 4443234322 3332213314
          4222324121 3113333223 2432434111 3331121343 3112421224 1122233322
          2132231244 2243343211 1144121133 1433333212 3143413423 1133341333
          1121434242 1144433224 1121434314 1433343241 1431424222 4323214243
          3341213311 3141421133 1441122422 2244434322 2421413142 2321331344
          2144444122 2241412112 3413141444 1113433421 2342431312 2343142341
          2441112314 1231442422 4422223224 2341242324 3214213123 1421111144
          2434224122 1334111441 2321312112 1223442412 1232233134 2432111411
          1234442433 3313322142 3222242134 4222322432 2133333141 1414314122
          2341123314 4221241242 1131444213 2423224334 4243424424 1443443224
          4443214211 3233141143 2311131444 2111144143 1441424311 1441312241
          1111143242 3112232121 3244114112 2344121413 3222132344 2123224222
          1322112434 4434442222 4234334344 2234332231 2321143213 2312221431
          1344343313 2321324412 1442112433 4314421132 1141342322 1242143313
          1333324223 1232123414 3111214241 2333434421 3322314113 1424332241
          3323131142 1232113323 3224222211 3323132434 2244313321 4234343424
          3124112122 3114443433 1433414233 3111421113 4311131144 2432421243
          2241413344 4322114133 4443141112 2442241123 4242114423 1333412234
          1324233433 3411144232 4313242312 1132243143 3214141242 1144244233
          4443312131 1244133241 4413412241 4314122341 3244314111 2413421313
          2422212233 4343124333 1323144341 3211133312 2414332143 2342411111
          1442344242 3341431122 4313142443 3323324114 4434144333 3232344341
          1233144214 1142314341 3214422322 2134413212 3242323312 4341312221
          4144323412 2323212132 4234443314 2322243132 1122143112 1134334423
          1443124324 2243133443 1214114222 2321322421 2414334121 3344324442
          1312224444 4444124432 4244222144 3331423134 2432133311 3413144243
          1441323342 3413241322 3122423143 3122113333 2221231332 4411323444
          1132113434 1231423141 1322443211 4322414114 3233222313 1123234233
          3223322321 2211413131 2343143434 1233413331 3124443314 3132231332
          2241222412 4134144311 1132333424 3243341234 1434332333 3141121131
          1323133434 2413132424 4424441421 1221213441 1143442344 1444232213
          1124412443 1324112342 4323241443 4334232114 3332223231 4142424442
          1343332342 4412412222 1321434322 4141144233 4121332122 4142323342
          3424232433 2211243441 3223313411 2133233311 4143224431 1211343211
          2222324243 3334131213 3121444341 1221324124 3143344442 1213313122
          1441142343 4423223441 1312221331 3442321241 3422433143 3342214211
          1433311213 1124414333 4131233212 1331432111 1242111143 4423334112
          3243212142 2424121433 2311243312 4314232222 2443324422 1434231433
          4423221114 4322424121 4122411434 2114212234 1233244244 2313423141
          1444211114 3131421213 4141141142 2333114231 4432341423 1233212331
          1332434334 1141323113 4233444312 3321431212 1441233342 4243114314
          3134233222 4233244231 3121424121 2131432441 1134231314 3341421422
          2313211344 3121212313 2331313243 3333314112 2133321133 4441344233
          2434211214 3113111412 1433433141 2433244144 3112144242 2421321442
          2212141334 4232244241 3122321142 2423444121 1444431324 4434441341
          4223143343 4344433112 1414421143 4432113122 1412413144 1114441144
          4331341134 4423331344 4133242443 1423232322 4141131223 2412333343
          1233111221 3121324233 2421334314 4223121413 1221231242 4342424332
          1424441214 4422212424 4233121324 3114444142 1212424134 3134114424
          4313121211 2213114133 3431142133 2423421332 4444234212 1244343411
          4213244323 4443243213 1133124132 3432424424 1414423423 1341132321
          2422212234 4431423344 3331144141 4143131442 4111234232 1213234322
          4143142414 3344242241 1441312141 3241131442 4114134313 1321444311
          4113432132 2131321344 1123431314 2321121121 4122413132 3441234431
          2114133232 3131341311 1133232312 2341441234 4422213214 1243231314
          2223133212 3311111443 3433441221 1121133141 3311311321 2132233241
          4433243234 2314324234 1222414411 3323434411 3141341234 4133233222
          1212234434 2324411231 4444343411 2142214224 4211213122 2433233144
          3314432424 2432341344 4122343114 1242214233 1224313223 4121343123
          1322234222 3112413443 3212311214 1231321141 3221212414 2333441342
          3322321223 3142141443 3432434214 1231333141 3343211412 4313114312

          4331324122 1431113321
          2233332411 3142141122
          4411111322 2344331221
          1123323324 1211131233
          1244421242 1122114434
          2442224222 3322412223
          4334334332 1231412112
          3341311411 3244443312
          4132122143 4142333441
          1232344121 2111312423
          2111412214 4124321422
          3431244424 1441134222
          2442142133 1323444124
          1132221223 4133324312
          3323242312 1142413422
          3322113424 3444344241
          4221213231 4411423234
          3134322314 2412423231
          2443432242 1314121323
          2431123112 3133122444
          4211234421 3214114442
          4123334344 1343424242
          2414314442 3132142132
          1444132411 4431142144
          1123123114 1413421313
          2142113321 4342123241
          3112213133 2213213132
          3241224422 4214212442
          4413324334 2243244344
          3322224324 4423222232
          2424434314 3141342114
          1312112141 2234422132
          2142242433 4113434344
          2114131131 3132431443
          4312121244 1113421423
          2112412134 2413313341
          1342233141 4413112134
          3444212444 2422434311
          4414234431 1243212314
          3242224413 1134242222
          2432321122 3343331434
          3132443423 4113112431
          1222322114 1332221134
          2344133242 2443334241
          4211144122 3321421323
          1241213413 4444123434
          2231222424 4123433334
          2312233113 3413234231
          4321211233 4332122442
          1242412143 1443331243
          2144423322 3321411432
          4441413441 2414223331
          4112214321 2133223331
          3312334434 3441343431
          2313211112 1431423444
          3313412441 1443412441
          3313441334 1433412331
          3121113311 3234312224
          3233331341 4222213443
          1322424313 2324224422
          2332424112 4344223242
